# oST version 5.0 parameters


[image]

width
1280

height
720

[narrow_stereo]

camera matrix
1256.615199 0.000000 603.688818
0.000000 1256.337197 457.484514
0.000000 0.000000 1.000000

distortion
0.157378 -0.564865 0.008988 0.002897 0.000000

rectification
1.000000 0.000000 0.000000
0.000000 1.000000 0.000000
0.000000 0.000000 1.000000

projection
1259.802734 0.000000 603.467589 0.000000
0.000000 1266.260010 460.500503 0.000000
0.000000 0.000000 1.000000 0.000000

