image_width: 1280
image_height: 720
camera_name: Odroid720p
camera_matrix:
  rows: 3
  cols: 3
  data: [1256.615199, 0.000000, 603.688818, 0.000000, 1256.337197, 457.484514, 0.000000, 0.000000, 1.000000]
distortion_model: plumb_bob
distortion_coefficients:
  rows: 1
  cols: 5
  data: [0.157378, -0.564865, 0.008988, 0.002897, 0.000000]
rectification_matrix:
  rows: 3
  cols: 3
  data: [1.000000, 0.000000, 0.000000, 0.000000, 1.000000, 0.000000, 0.000000, 0.000000, 1.000000]
projection_matrix:
  rows: 3
  cols: 4
  data: [1259.802734, 0.000000, 603.467589, 0.000000, 0.000000, 1266.260010, 460.500503, 0.000000, 0.000000, 0.000000, 1.000000, 0.000000]
