cam_model: Pinhole
cam_width: 752
cam_height: 416
cam_fx: 756.960847
cam_fy: 742.643476
cam_cx: 376.447152
cam_cy: 237.656521
cam_d0: 0.107223
cam_d1: -0.443818
cam_d2: 0.002127
cam_d3: 0.007045
